https://leetcode.cn/problemset/all/      lc官网
https://blog.csdn.net/weixin_51182518/article/details/114578329    按题型分
704-227-224-15-409-331-705-13-88-706-54-14-20-21-139-59-101-115-1603-290-6-914-150-232-503-131-92
94-144-145-589-429-242-49-1-70-22-98-226-104-111-509-297-236-105-77-46-47-62-63-1143-70-120-55-152
332-198-121-122-123--309-188-714-32-64-72-91-221-403-410-552-647-76-312-213-300-53-72-332-494-50
78-169-17-51-102-433-22-515-127-200-455-122-55-860-874-42-69-33-367-74-153-208-212-200-130-22-51
36-37127-433-773-1122-242-56-491-709-58-771-8-14-344-541-151-557-917-242-49-438-1143-125-680-5-72
10-44-115-387-8-541-151-537-917-438-5-205-680-44-32-115-300-91-32-85-115-818-146-191-231-190-51-52-338


https://zhuanlan.zhihu.com/p/397575978?ivk_sa=1024320u  高频100题
1-2-3-4-5-15-53-7-11-42-20-10-26-136-22-206-21-70-300-121-72-14-198-9-146-19-33-46-101-84-39-13-23-17
322-32-387-122-160-55-76-200-78-31-96-148-236-25-6-152-215-8-41-283-141-98-124-105-34-239-142-139-45-169
234-62-189-94-56-88-560-279-35-24-85-28-92-155-79-27-51-75-102-48-95-64-406-226-437-104-237-337
18-91-207-37-175-416-238-114

https://www.jianshu.com/p/765c3cddca77   100题
1-15-49-56-148-128-438-448--2-21-22--23-39-46-48-78-105-114-3-4-11-15-31-55-75-76-283-581-32-42-53
70-96-121-139-152-198-279-300-309-337-3385-10-62-64-72-221-79-94-98-101-104-124-226-236-297-337
437-538-543-617-17-102-200-17-22-39-46-78-79-301-394-19-141-142-287-20-42-84-85-155-739-33-48-96
169-238-240-406-34-136-338-461-146-160-206-234-207-208-215-239-347-322-416-494-312-322-399-560-621-647

最终：
1, 2, 3, 4, 5, 6, 7, 8, 9, 10, 11, 13, 14, 15, 17, 18, 19, 20, 21, 22, 23, 24, 25, 26, 27, 28, 31, 32, 33, 34,35,        |31
36, 37, 39, 41, 42, 44, 45, 46, 47, 48, 49, 50, 51, 52, 53, 54, 55, 56, 58, 59, 62, 63, 64, 69, 70, 72, 74,75, 76,       |29
77, 78, 79, 84, 85, 88, 91, 92, 94, 95, 96, 98, 101, 102, 104, 105, 111, 114, 115, 120, 121, 122, 123,124, 125, 127,     |26
128, 130, 131, 136, 139, 141, 142, 144, 145, 146, 148, 150, 151, 152, 153, 155, 160, 169, 175,188, 189, 190, 191,        |23
198, 200, 205, 206, 207, 208, 212, 213, 215, 221, 224, 226, 227, 231, 232, 234, 236, 237,238, 239, 240, 242, 279,        |23
283, 287, 290, 297, 300, 301, 309, 312, 322, 331, 332, 337, 338, 344, 347, 367, 387, 394, 399, 403, 406, 409, 410,       |23
416, 429, 433, 437, 438, 448, 455, 461, 491, 494, 503, 509, 515, 537, 538, 541, 543, 552, 557, 560, 581, 589, 617,       |23
621, 647, 680, 704, 705, 706, 709, 714, 739, 771, 773, 818, 860, 874, 914, 917, 1122, 1143, 1603                         |19

动态规划：写出状态转移方程和初始条件